tensor([[[[ 3.0592e-01, -1.1175e-01, -1.0000e+09, -1.0000e+09, -1.0000e+09,
           -4.4057e-01,  2.0903e-01, -1.0000e+09, -1.0000e+09, -1.0000e+09,
           -1.0000e+09,  4.1261e-01, -1.0000e+09, -1.0000e+09],
          [ 3.2360e-01, -9.5989e-02, -1.0000e+09, -1.0000e+09, -1.0000e+09,
           -4.7764e-01,  2.0229e-01, -1.0000e+09, -1.0000e+09, -1.0000e+09,
           -1.0000e+09,  3.8373e-01, -1.0000e+09, -1.0000e+09],
          [ 2.5948e-01, -9.9182e-02, -1.0000e+09, -1.0000e+09, -1.0000e+09,
           -6.6523e-01,  3.3781e-01, -1.0000e+09, -1.0000e+09, -1.0000e+09,
           -1.0000e+09,  4.7120e-01, -1.0000e+09, -1.0000e+09],
          [ 2.8445e-01, -1.5027e-01, -1.0000e+09, -1.0000e+09, -1.0000e+09,
           -5.0133e-01,  3.5267e-01, -1.0000e+09, -1.0000e+09, -1.0000e+09,
           -1.0000e+09,  4.9965e-01, -1.0000e+09, -1.0000e+09],
          [ 2.9175e-01, -9.4612e-02, -1.0000e+09, -1.0000e+09, -1.0000e+09,
           -4.7574e-01,  3.6057e-01, -1.0000e+09, -1.0000e+09, -1.0000e+09,
           -1.0000e+09,  4.6244e-01, -1.0000e+09, -1.0000e+09],
          [ 2.7531e-01, -1.6977e-01, -1.0000e+09, -1.0000e+09, -1.0000e+09,
           -5.1309e-01,  3.6723e-01, -1.0000e+09, -1.0000e+09, -1.0000e+09,
           -1.0000e+09,  4.8545e-01, -1.0000e+09, -1.0000e+09]]]],
       grad_fn=<AddBackward0>)
tensor([[[[ 2.1369e-01, -2.2056e-01, -1.0000e+09, -1.0000e+09, -1.0000e+09,
           -2.0601e-01, -6.9973e-02, -1.0000e+09, -1.0000e+09, -1.0000e+09,
           -1.0000e+09, -8.4873e-03, -1.0000e+09, -1.0000e+09],
          [ 1.8656e-01, -2.1412e-01, -1.0000e+09, -1.0000e+09, -1.0000e+09,
           -1.6499e-01, -9.2205e-02, -1.0000e+09, -1.0000e+09, -1.0000e+09,
           -1.0000e+09, -1.9688e-02, -1.0000e+09, -1.0000e+09],
          [ 1.4794e-01, -1.9064e-01, -1.0000e+09, -1.0000e+09, -1.0000e+09,
           -1.8917e-01, -7.1736e-02, -1.0000e+09, -1.0000e+09, -1.0000e+09,
           -1.0000e+09, -3.5215e-02, -1.0000e+09, -1.0000e+09],
          [ 1.5395e-01, -2.3548e-02, -1.0000e+09, -1.0000e+09, -1.0000e+09,
           -1.5550e-01, -1.8666e-02, -1.0000e+09, -1.0000e+09, -1.0000e+09,
           -1.0000e+09, -8.1676e-02, -1.0000e+09, -1.0000e+09],
          [ 1.1984e-01, -2.8730e-02, -1.0000e+09, -1.0000e+09, -1.0000e+09,
           -1.3500e-01, -1.9626e-02, -1.0000e+09, -1.0000e+09, -1.0000e+09,
           -1.0000e+09, -9.0268e-02, -1.0000e+09, -1.0000e+09],
          [ 1.9162e-01, -5.7318e-02, -1.0000e+09, -1.0000e+09, -1.0000e+09,
           -1.3708e-01,  6.0191e-03, -1.0000e+09, -1.0000e+09, -1.0000e+09,
           -1.0000e+09, -7.9259e-02, -1.0000e+09, -1.0000e+09]]]],
       grad_fn=<AddBackward0>)
tensor([[[[ 4.0993e-01, -4.5621e-01, -1.0000e+09, -1.0000e+09, -1.0000e+09,
           -5.1375e-02, -1.0359e-01, -1.0000e+09, -1.0000e+09, -1.0000e+09,
           -1.0000e+09, -6.9969e-01, -1.0000e+09, -1.0000e+09],
          [ 4.0037e-01, -4.3823e-01, -1.0000e+09, -1.0000e+09, -1.0000e+09,
           -2.8045e-02, -7.5510e-02, -1.0000e+09, -1.0000e+09, -1.0000e+09,
           -1.0000e+09, -6.9380e-01, -1.0000e+09, -1.0000e+09],
          [ 3.9856e-01, -4.2442e-01, -1.0000e+09, -1.0000e+09, -1.0000e+09,
           -7.4157e-02, -1.3237e-02, -1.0000e+09, -1.0000e+09, -1.0000e+09,
           -1.0000e+09, -6.5845e-01, -1.0000e+09, -1.0000e+09],
          [ 3.4553e-01, -5.1067e-01, -1.0000e+09, -1.0000e+09, -1.0000e+09,
           -6.5341e-02, -8.6054e-02, -1.0000e+09, -1.0000e+09, -1.0000e+09,
           -1.0000e+09, -5.4202e-01, -1.0000e+09, -1.0000e+09],
          [ 3.4723e-01, -5.5466e-01, -1.0000e+09, -1.0000e+09, -1.0000e+09,
           -6.8052e-02, -8.6475e-02, -1.0000e+09, -1.0000e+09, -1.0000e+09,
           -1.0000e+09, -5.0273e-01, -1.0000e+09, -1.0000e+09],
          [ 3.3018e-01, -5.5348e-01, -1.0000e+09, -1.0000e+09, -1.0000e+09,
           -8.2546e-02, -1.1329e-01, -1.0000e+09, -1.0000e+09, -1.0000e+09,
           -1.0000e+09, -5.4515e-01, -1.0000e+09, -1.0000e+09]]]],
       grad_fn=<AddBackward0>)
tensor([[ 1.2926e-01,  3.9206e-01, -1.0000e+09, -1.0000e+09, -1.0000e+09,
         -2.3677e-01,  2.0443e-01, -1.0000e+09, -1.0000e+09, -1.0000e+09,
         -1.0000e+09, -5.2885e-02, -1.0000e+09, -1.0000e+09],
        [ 1.6237e-01,  4.0494e-01, -1.0000e+09, -1.0000e+09, -1.0000e+09,
         -2.8062e-01,  2.3206e-01, -1.0000e+09, -1.0000e+09, -1.0000e+09,
         -1.0000e+09, -4.7293e-02, -1.0000e+09, -1.0000e+09]],
       grad_fn=<AddBackward0>)
tensor([[ 2.4713e-02,  2.2774e-01, -1.0000e+09, -1.0000e+09, -1.0000e+09,
         -7.3574e-02, -2.0504e-01, -1.0000e+09, -1.0000e+09, -1.0000e+09,
         -1.0000e+09,  7.8321e-02, -1.0000e+09, -1.0000e+09],
        [-3.6834e-02,  2.4065e-01, -1.0000e+09, -1.0000e+09, -2.1732e-01,
         -1.1678e-01, -5.6438e-02, -1.0000e+09, -1.0000e+09, -1.0000e+09,
         -1.0000e+09,  4.1621e-02, -1.0000e+09, -1.0000e+09]],
       grad_fn=<AddBackward0>)
tensor([[ 1.1436e-01, -3.3569e-01, -1.0000e+09, -1.0000e+09, -1.3022e-01,
         -1.7858e-01, -1.2967e-01, -1.0000e+09, -1.0000e+09, -1.0000e+09,
         -1.0000e+09, -2.6526e-01, -1.0000e+09, -1.0000e+09],
        [ 1.6937e-02, -4.2464e-01, -1.0000e+09, -1.0000e+09, -1.0000e+09,
         -1.8638e-01, -8.8215e-02, -1.0000e+09, -1.0000e+09, -1.0000e+09,
         -1.0000e+09, -1.3176e-01, -1.0000e+09, -1.0000e+09]],
       grad_fn=<AddBackward0>)
tensor([[ 3.7984e-01, -2.1459e-01, -1.0000e+09, -1.0000e+09,  3.8489e-01,
          3.1409e-02,  9.6940e-01, -1.0000e+09, -1.0000e+09, -1.0000e+09,
         -1.0000e+09, -1.5590e-01, -1.0000e+09, -1.0000e+09],
        [ 3.3559e-01, -2.5835e-01, -1.0000e+09, -1.0000e+09, -1.0000e+09,
          2.4917e-02,  8.3841e-01, -1.0000e+09, -1.0000e+09, -1.0000e+09,
         -1.0000e+09, -1.4396e-01, -1.0000e+09, -1.0000e+09]],
       grad_fn=<AddBackward0>)
tensor([[ 4.5652e-01,  3.3795e-02, -1.0000e+09, -1.0000e+09, -1.0000e+09,
          1.9861e-01, -2.0563e-01, -1.0000e+09, -1.0000e+09, -1.0000e+09,
         -1.0000e+09, -2.4867e-01, -1.0000e+09, -1.0000e+09],
        [ 5.9736e-01,  1.3787e-02, -1.0000e+09, -1.0000e+09, -4.0958e-01,
          2.0283e-01, -1.3440e-01, -1.0000e+09, -1.0000e+09, -1.0000e+09,
         -1.0000e+09, -3.3526e-01, -1.0000e+09, -1.0000e+09]],
       grad_fn=<AddBackward0>)
tensor([[ 2.4807e-03,  1.3669e-01, -1.0000e+09, -1.0000e+09, -1.0000e+09,
          1.4165e-01,  2.6385e-02, -1.0000e+09, -1.0000e+09, -1.0000e+09,
         -1.0000e+09,  2.0973e-01, -1.0000e+09, -1.0000e+09],
        [ 2.1508e-02,  1.5666e-01, -1.0000e+09, -1.0000e+09, -1.0000e+09,
          1.3015e-01,  5.4318e-02, -1.0000e+09, -1.0000e+09, -1.0000e+09,
         -1.0000e+09,  1.3227e-01, -1.0000e+09, -1.0000e+09]],
       grad_fn=<AddBackward0>)
tensor([[ 1.7998e-01,  1.2380e-01, -1.0000e+09, -1.0000e+09,  3.3217e-01,
         -6.4426e-01, -3.0813e-02, -1.0000e+09, -1.0000e+09, -1.0000e+09,
         -1.0000e+09, -3.4172e-01, -1.0000e+09, -1.0000e+09],
        [ 1.8158e-01,  1.8558e-01, -1.0000e+09, -1.0000e+09,  3.2155e-01,
         -7.0138e-01, -7.9168e-03, -1.0000e+09, -1.0000e+09, -1.0000e+09,
         -1.0000e+09, -3.2298e-01, -1.0000e+09, -1.0000e+09]],
       grad_fn=<AddBackward0>)
tensor([[ 5.3222e-01,  1.0621e-01, -1.0000e+09, -1.0000e+09, -8.9885e-02,
          6.8432e-02,  1.9698e-01, -1.0000e+09, -1.0000e+09, -1.0000e+09,
         -1.0000e+09, -9.3593e-02, -1.0000e+09, -1.0000e+09],
        [ 4.9589e-01,  1.4838e-01, -1.0000e+09, -1.0000e+09, -1.0000e+09,
         -5.6075e-02,  1.7933e-01, -1.0000e+09, -1.0000e+09, -1.0000e+09,
         -1.0000e+09, -1.5078e-01, -1.0000e+09, -1.0000e+09]],
       grad_fn=<AddBackward0>)
tensor([[ 2.2548e-01, -2.0772e-02, -1.0000e+09, -1.0000e+09, -1.0000e+09,
          2.4398e-01,  5.9746e-01, -1.0000e+09, -1.0000e+09, -1.0000e+09,
         -1.0000e+09,  3.8621e-01, -1.0000e+09, -1.0000e+09],
        [ 2.4008e-01, -4.1456e-02, -1.0000e+09, -1.0000e+09,  1.1631e-01,
          2.3025e-01,  5.9299e-01, -1.0000e+09, -1.0000e+09, -1.0000e+09,
         -1.0000e+09,  3.4324e-01, -1.0000e+09, -1.0000e+09]],
       grad_fn=<AddBackward0>)
tensor([[-2.6271e-01,  3.5428e-01, -1.0000e+09, -1.0000e+09,  2.0095e-01,
          6.7737e-02, -2.7185e-01, -1.0000e+09, -1.0000e+09, -1.0000e+09,
         -1.0000e+09,  1.6072e-01, -1.0000e+09, -1.0000e+09],
        [-2.8627e-01,  3.7075e-01, -1.0000e+09, -1.0000e+09,  1.9762e-01,
         -1.3559e-02, -2.9115e-01, -1.0000e+09, -1.0000e+09, -1.0000e+09,
         -1.0000e+09,  1.7398e-01, -1.0000e+09, -1.0000e+09]],
       grad_fn=<AddBackward0>)
tensor([[ 8.4610e-01, -2.1688e-01, -1.0000e+09, -1.0000e+09, -1.0000e+09,
          2.5216e-01, -6.8947e-01, -1.0000e+09, -1.0000e+09, -1.0000e+09,
         -1.0000e+09, -3.0853e-01, -1.0000e+09, -1.0000e+09],
        [ 8.4197e-01, -2.4109e-01, -1.0000e+09, -1.0000e+09, -1.0000e+09,
          2.8834e-01, -7.4852e-01, -1.0000e+09, -1.0000e+09, -1.0000e+09,
         -1.0000e+09, -3.3951e-01, -1.0000e+09, -1.0000e+09]],
       grad_fn=<AddBackward0>)
tensor([[-8.8233e-02,  1.0331e-01, -1.0000e+09, -1.0000e+09, -1.1096e-01,
         -8.4186e-02, -2.7665e-02, -1.0000e+09, -1.0000e+09, -1.0000e+09,
         -1.0000e+09,  2.5265e-01, -1.0000e+09, -1.0000e+09],
        [-9.7781e-02,  1.0148e-01, -1.0000e+09, -1.0000e+09, -1.0460e-01,
         -6.0838e-02, -9.3121e-03, -1.0000e+09, -1.0000e+09, -1.0000e+09,
         -1.0000e+09,  3.3874e-01, -1.0000e+09, -1.0000e+09]],
       grad_fn=<AddBackward0>)
tensor([[ 3.1223e-01, -3.6032e-02, -1.0000e+09, -1.0000e+09,  1.0837e+00,
         -6.8943e-01, -3.6389e-01, -1.0000e+09, -1.0000e+09, -1.0000e+09,
         -1.0000e+09,  6.0689e-01, -1.0000e+09, -1.0000e+09],
        [ 3.7211e-01, -1.8262e-01, -1.0000e+09, -1.0000e+09, -1.0000e+09,
         -6.5480e-01, -3.8711e-01, -1.0000e+09, -1.0000e+09, -1.0000e+09,
         -1.0000e+09,  6.5026e-01, -1.0000e+09, -1.0000e+09]],
       grad_fn=<AddBackward0>)
tensor([[ 6.3152e-02, -7.3902e-03, -1.0000e+09, -1.0000e+09, -1.0000e+09,
         -1.7138e-01, -4.1338e-01, -1.0000e+09, -1.0000e+09, -1.0000e+09,
         -1.0000e+09, -5.8316e-01, -1.0000e+09, -1.0000e+09],
        [-2.7523e-02,  3.1188e-02, -1.0000e+09, -1.0000e+09,  1.2286e-01,
         -1.6299e-01, -4.7751e-01, -1.0000e+09, -1.0000e+09, -1.0000e+09,
         -1.0000e+09, -7.1690e-01, -1.0000e+09, -1.0000e+09]],
       grad_fn=<AddBackward0>)
tensor([[-1.4430e-01, -1.4789e-01, -1.0000e+09, -1.0000e+09, -2.1478e-01,
         -2.9041e-01, -2.4226e-02, -1.0000e+09, -1.0000e+09, -1.0000e+09,
         -1.0000e+09, -1.3438e-01, -1.0000e+09, -1.0000e+09],
        [-8.8480e-02, -1.4998e-01, -1.0000e+09, -1.0000e+09, -1.0000e+09,
         -2.6559e-01,  3.3758e-02, -1.0000e+09, -1.0000e+09, -1.0000e+09,
         -1.0000e+09, -1.4491e-01, -1.0000e+09, -1.0000e+09]],
       grad_fn=<AddBackward0>)
tensor([[ 1.6963e-01, -3.0932e-01, -1.0000e+09, -1.0000e+09, -1.0000e+09,
          5.6683e-02,  2.1349e-01, -1.0000e+09, -1.0000e+09, -1.0000e+09,
         -1.0000e+09, -4.4618e-01, -1.0000e+09, -1.0000e+09],
        [ 1.4978e-01, -3.4286e-01, -1.0000e+09, -1.0000e+09, -1.0000e+09,
          1.9327e-02,  1.5985e-01, -1.0000e+09, -1.0000e+09, -1.0000e+09,
         -1.0000e+09, -4.6265e-01, -1.0000e+09, -1.0000e+09]],
       grad_fn=<AddBackward0>)
tensor([[-1.0942e-01, -7.8746e-02, -1.0000e+09, -1.0000e+09, -1.0000e+09,
         -2.1102e-01, -1.1069e-01, -1.0000e+09, -1.0000e+09, -1.0000e+09,
         -1.0000e+09, -1.5140e-01, -1.0000e+09, -1.0000e+09],
        [-9.7467e-02, -5.3627e-02, -1.0000e+09, -1.0000e+09, -1.0000e+09,
         -2.0650e-01, -7.6929e-02, -1.0000e+09, -1.0000e+09, -1.0000e+09,
         -1.0000e+09, -1.3196e-01, -1.0000e+09, -1.0000e+09]],
       grad_fn=<AddBackward0>)
tensor([[-1.5055e-01, -2.1186e-01, -1.0000e+09, -1.0000e+09, -1.0000e+09,
          1.7330e-01,  1.9054e-01, -1.0000e+09, -1.0000e+09, -1.0000e+09,
         -1.0000e+09,  2.1546e-01, -1.0000e+09, -1.0000e+09],
        [-4.5269e-02, -2.2197e-01, -1.0000e+09, -1.0000e+09, -1.4980e-01,
          1.0042e-01,  1.6270e-01, -1.0000e+09, -1.0000e+09, -1.0000e+09,
         -1.0000e+09,  1.9095e-01, -1.0000e+09, -1.0000e+09]],
       grad_fn=<AddBackward0>)
tensor([[ 1.9143e-01, -1.5690e-01, -1.0000e+09, -1.0000e+09,  8.4486e-03,
          5.0904e-02, -2.2677e-01, -1.0000e+09, -1.0000e+09, -1.0000e+09,
         -1.0000e+09,  5.0498e-01, -1.0000e+09, -1.0000e+09],
        [ 2.4071e-01, -1.2822e-01, -1.0000e+09, -1.0000e+09, -1.9470e-02,
          4.6310e-02, -2.2427e-01, -1.0000e+09, -1.0000e+09, -1.0000e+09,
         -1.0000e+09,  5.1370e-01, -1.0000e+09, -1.0000e+09]],
       grad_fn=<AddBackward0>)
tensor([[-3.1470e-01,  2.3661e-02, -1.0000e+09, -1.0000e+09,  1.5361e-01,
          2.0540e-01,  1.7242e-01, -1.0000e+09, -1.0000e+09, -1.0000e+09,
         -1.0000e+09,  6.0446e-02, -1.0000e+09, -1.0000e+09],
        [-2.5256e-01,  2.2343e-02, -1.0000e+09, -1.0000e+09, -1.0000e+09,
          1.4727e-01,  9.1190e-02, -1.0000e+09, -1.0000e+09, -1.0000e+09,
         -1.0000e+09, -4.5832e-02, -1.0000e+09, -1.0000e+09]],
       grad_fn=<AddBackward0>)
tensor([[ 7.1830e-01, -3.1221e-02, -1.0000e+09, -1.0000e+09, -1.0000e+09,
         -4.7623e-02, -1.4810e-01, -1.0000e+09, -1.0000e+09, -1.0000e+09,
         -1.0000e+09,  1.3130e-01, -1.0000e+09, -1.0000e+09],
        [ 6.8678e-01,  1.4080e-02, -1.0000e+09, -1.0000e+09, -1.0000e+09,
         -7.4656e-02, -1.8177e-01, -1.0000e+09, -1.0000e+09, -1.0000e+09,
         -1.0000e+09,  9.7340e-02, -1.0000e+09, -1.0000e+09]],
       grad_fn=<AddBackward0>)
tensor([[ 1.9660e-01, -6.0759e-02, -1.0000e+09, -1.0000e+09, -1.0000e+09,
         -1.3372e-01,  2.3001e-01, -1.0000e+09, -1.0000e+09, -1.0000e+09,
         -1.0000e+09, -1.8928e-02, -1.0000e+09, -1.0000e+09],
        [ 7.7610e-02, -3.2818e-02, -1.0000e+09, -1.0000e+09,  2.3835e-01,
         -4.0153e-02,  3.3828e-01, -1.0000e+09, -1.0000e+09, -1.0000e+09,
         -1.0000e+09, -2.5913e-02, -1.0000e+09, -1.0000e+09]],
       grad_fn=<AddBackward0>)
tensor([[ 8.8995e-01,  4.2719e-01, -1.0000e+09, -1.0000e+09, -3.3143e-01,
         -5.3104e-01,  1.0057e+00, -1.0000e+09, -1.0000e+09, -1.0000e+09,
         -1.0000e+09,  8.3758e-02, -1.0000e+09, -1.0000e+09],
        [ 9.9215e-01,  3.9616e-01, -1.0000e+09, -1.0000e+09, -1.0000e+09,
         -5.5721e-01,  1.0257e+00, -1.0000e+09, -1.0000e+09, -1.0000e+09,
         -1.0000e+09,  2.0237e-01, -1.0000e+09, -1.0000e+09]],
       grad_fn=<AddBackward0>)
tensor([[-1.0550e-01,  2.7529e-02, -1.0000e+09, -1.0000e+09, -1.6186e-01,
          1.6481e-01,  8.6294e-02, -1.0000e+09, -1.0000e+09, -1.0000e+09,
         -1.0000e+09,  9.5930e-02, -1.0000e+09, -1.0000e+09],
        [-9.7737e-02, -3.2295e-02, -1.0000e+09, -1.0000e+09, -1.9500e-01,
          1.7867e-01,  7.3496e-02, -1.0000e+09, -1.0000e+09, -1.0000e+09,
         -1.0000e+09,  8.5875e-02, -1.0000e+09, -1.0000e+09]],
       grad_fn=<AddBackward0>)
tensor([[ 0.0935,  0.0475, -0.3099,  0.0481,  0.1306,  0.0572,  0.7042,  0.0484,
          0.3619,  0.0611,  0.4093, -0.2976, -0.4248, -0.0442]],
       grad_fn=<AddBackward0>)
tensor([[ 0.0847,  0.0365, -0.2543,  0.1152,  0.1114,  0.0148,  0.7053,  0.0118,
          0.4498,  0.0793,  0.3675, -0.3235, -0.3760, -0.0853]],
       grad_fn=<AddBackward0>)
tensor([[ 0.2826, -0.1794, -0.3945, -0.2633, -0.0708, -0.0408, -0.2439, -0.0897,
          0.3363,  0.0818, -0.0714,  0.0605,  0.1406, -0.0511]],
       grad_fn=<AddBackward0>)
tensor([[ 0.2849, -0.1874, -0.4324, -0.3285, -0.0842, -0.0447, -0.2885, -0.0821,
          0.3138,  0.0343, -0.0563,  0.0997,  0.1363, -0.0033]],
       grad_fn=<AddBackward0>)
tensor([[ 0.3903, -0.0008,  0.0220, -0.2104, -0.1087, -0.0041,  0.1893,  0.1148,
          0.1315,  0.0959, -0.1094, -0.2258,  0.1720,  0.4921]],
       grad_fn=<AddBackward0>)
tensor([[ 0.3716,  0.0617,  0.0119, -0.2488, -0.0588, -0.1048, -0.0215,  0.1312,
          0.1147,  0.0865, -0.0882, -0.1962,  0.1749,  0.4715]],
       grad_fn=<AddBackward0>)
tensor([[ 0.4382,  0.1211,  0.2181,  0.2128,  0.2606,  0.3158,  0.3065,  0.3067,
          0.1246,  0.2180,  0.2098, -0.2021,  0.3420, -0.4898]],
       grad_fn=<AddBackward0>)
tensor([[ 0.3947,  0.1267,  0.1577,  0.3135,  0.2699,  0.4186,  0.3506,  0.1871,
          0.1653,  0.2870,  0.1535, -0.1637,  0.2255, -0.5116]],
       grad_fn=<AddBackward0>)
tensor([[ 0.1443, -0.0253,  0.1138, -0.4546,  0.0745, -0.4032,  0.6655,  0.4374,
          0.3194, -0.0892,  0.1152,  0.0680,  0.6386,  0.2348]],
       grad_fn=<AddBackward0>)
tensor([[ 0.0800, -0.0092,  0.1396, -0.3959, -0.0180, -0.3950,  0.7561,  0.4827,
          0.4306, -0.0860,  0.1293,  0.0610,  0.5973,  0.2190]],
       grad_fn=<AddBackward0>)
tensor([[-0.8216,  0.2649,  0.3527,  0.0401, -0.3683,  0.0153,  0.2441, -0.3388,
          0.0486, -0.3812, -0.3286, -0.1661, -0.2210, -0.6707]],
       grad_fn=<AddBackward0>)
tensor([[-0.8012,  0.2806,  0.4467,  0.0058, -0.3895, -0.0266,  0.2339, -0.4092,
          0.1009, -0.4292, -0.3285, -0.1751, -0.2371, -0.6436]],
       grad_fn=<AddBackward0>)
tensor([[-2.1360e-01, -4.5516e-02, -1.0000e+09, -1.0000e+09, -1.0000e+09,
          3.0656e-02, -3.8624e-01, -1.0000e+09, -1.0000e+09, -1.0000e+09,
         -1.0000e+09,  2.2037e-01, -1.0000e+09, -1.0000e+09]],
       grad_fn=<AddBackward0>)
tensor([[-2.1867e-01, -4.6766e-02, -1.0000e+09, -1.0000e+09, -7.7837e-01,
         -3.7481e-02, -4.9088e-01, -1.0000e+09, -1.0000e+09, -1.0000e+09,
         -1.0000e+09,  2.0064e-01, -1.0000e+09, -1.0000e+09]],
       grad_fn=<AddBackward0>)
tensor([[ 1.2914e-01, -4.4619e-01, -1.0000e+09, -1.0000e+09,  2.4708e-01,
         -1.6037e-01,  3.0338e-02, -1.0000e+09, -1.0000e+09, -1.0000e+09,
         -1.0000e+09,  2.1471e-01, -1.0000e+09, -1.0000e+09]],
       grad_fn=<AddBackward0>)
tensor([[ 1.2406e-01, -4.3649e-01, -1.0000e+09, -1.0000e+09, -1.0000e+09,
         -2.2643e-01,  6.6567e-02, -1.0000e+09, -1.0000e+09, -1.0000e+09,
         -1.0000e+09,  1.6390e-01, -1.0000e+09, -1.0000e+09]],
       grad_fn=<AddBackward0>)
tensor([[-2.1503e-01, -7.4916e-01, -1.0000e+09, -1.0000e+09, -1.7583e-01,
          1.4770e-01,  9.2885e-02, -1.0000e+09, -1.0000e+09, -1.0000e+09,
         -1.0000e+09, -9.6269e-02, -1.0000e+09, -1.0000e+09]],
       grad_fn=<AddBackward0>)
tensor([[-1.8014e-01, -7.3728e-01, -1.0000e+09, -1.0000e+09, -1.0850e-01,
          1.5880e-01,  1.3385e-01, -1.0000e+09, -1.0000e+09, -1.0000e+09,
         -1.0000e+09, -4.5772e-02, -1.0000e+09, -1.0000e+09]],
       grad_fn=<AddBackward0>)
tensor([[ 3.2467e-02,  1.1770e-01, -1.0000e+09, -1.0000e+09, -1.0000e+09,
          8.3174e-02, -1.0746e-01, -1.0000e+09, -1.0000e+09, -1.0000e+09,
         -1.0000e+09, -7.8555e-02, -1.0000e+09, -1.0000e+09]],
       grad_fn=<AddBackward0>)
tensor([[ 1.1138e-01,  8.6647e-02, -1.0000e+09, -1.0000e+09,  3.6487e-01,
          8.4904e-02, -1.2421e-01, -1.0000e+09, -1.0000e+09, -1.0000e+09,
         -1.0000e+09, -5.1048e-02, -1.0000e+09, -1.0000e+09]],
       grad_fn=<AddBackward0>)
tensor([[-3.2950e-01, -3.7392e-01, -1.0000e+09, -1.0000e+09, -2.9077e-01,
          5.5173e-04,  2.9976e-01, -1.0000e+09, -1.0000e+09, -1.0000e+09,
         -1.0000e+09,  4.4592e-02, -1.0000e+09, -1.0000e+09]],
       grad_fn=<AddBackward0>)
tensor([[-3.5069e-01, -3.6900e-01, -1.0000e+09, -1.0000e+09, -1.0000e+09,
         -4.1447e-03,  1.9714e-01, -1.0000e+09, -1.0000e+09, -1.0000e+09,
         -1.0000e+09,  2.5504e-02, -1.0000e+09, -1.0000e+09]],
       grad_fn=<AddBackward0>)
tensor([[ 3.3345e-01, -1.1989e-01, -1.0000e+09, -1.0000e+09, -2.7165e-05,
          3.1345e-01, -1.3003e-01, -1.0000e+09, -1.0000e+09, -1.0000e+09,
         -1.0000e+09,  1.6546e-01, -1.0000e+09, -1.0000e+09]],
       grad_fn=<AddBackward0>)
tensor([[ 3.2292e-01, -1.1938e-01, -1.0000e+09, -1.0000e+09,  3.4528e-02,
          2.6767e-01, -1.5063e-01, -1.0000e+09, -1.0000e+09, -1.0000e+09,
         -1.0000e+09,  2.0031e-01, -1.0000e+09, -1.0000e+09]],
       grad_fn=<AddBackward0>)
tensor([[ 3.3620e-01,  5.9557e-02, -1.0000e+09, -1.0000e+09, -1.0000e+09,
         -1.1547e+00,  5.7488e-01, -1.0000e+09, -1.0000e+09, -1.0000e+09,
         -1.0000e+09, -1.0278e-01, -1.0000e+09, -1.0000e+09]],
       grad_fn=<AddBackward0>)
tensor([[ 2.7556e-01,  4.0269e-02, -1.0000e+09, -1.0000e+09, -1.0000e+09,
         -1.1994e+00,  5.9238e-01, -1.0000e+09, -1.0000e+09, -1.0000e+09,
         -1.0000e+09, -7.5750e-02, -1.0000e+09, -1.0000e+09]],
       grad_fn=<AddBackward0>)
tensor([[ 3.6534e-01, -4.8408e-01, -1.0000e+09, -1.0000e+09, -1.0000e+09,
         -1.3655e-02, -2.6815e-01, -1.0000e+09, -1.0000e+09, -1.0000e+09,
         -1.0000e+09, -4.0605e-02, -1.0000e+09, -1.0000e+09]],
       grad_fn=<AddBackward0>)
tensor([[ 3.1052e-01, -5.1397e-01, -1.0000e+09, -1.0000e+09,  3.7081e-01,
         -1.0095e-01, -2.6833e-01, -1.0000e+09, -1.0000e+09, -1.0000e+09,
         -1.0000e+09, -7.0927e-02, -1.0000e+09, -1.0000e+09]],
       grad_fn=<AddBackward0>)
tensor([[-8.4313e-02,  1.7885e-01, -1.0000e+09, -1.0000e+09, -1.0000e+09,
         -2.6096e-01,  1.6756e-01, -1.0000e+09, -1.0000e+09, -1.0000e+09,
         -1.0000e+09,  2.5247e-01, -1.0000e+09, -1.0000e+09]],
       grad_fn=<AddBackward0>)
tensor([[-9.6161e-02,  2.1544e-01, -1.0000e+09, -1.0000e+09, -1.0828e-01,
         -3.4553e-01,  2.2881e-01, -1.0000e+09, -1.0000e+09, -1.0000e+09,
         -1.0000e+09,  2.6659e-01, -1.0000e+09, -1.0000e+09]],
       grad_fn=<AddBackward0>)
tensor([[-4.4300e-01,  5.5086e-02, -1.0000e+09, -1.0000e+09, -2.0978e-01,
         -1.5959e-01,  5.0267e-02, -1.0000e+09, -1.0000e+09, -1.0000e+09,
         -1.0000e+09,  1.9307e-01, -1.0000e+09, -1.0000e+09]],
       grad_fn=<AddBackward0>)
tensor([[-4.2975e-01,  1.6564e-02, -1.0000e+09, -1.0000e+09, -1.8722e-01,
         -1.4661e-01,  4.1203e-02, -1.0000e+09, -1.0000e+09, -1.0000e+09,
         -1.0000e+09,  2.2034e-01, -1.0000e+09, -1.0000e+09]],
       grad_fn=<AddBackward0>)
